id
1091500
594570
330390
71000
296570
251810
239120
382900
402020
346830
418910
251290
298050
230290
269770
282590
312540
228760
107821
220660
94202
34343
214130
205080
221020
248390
273580
291250
268930
201271
108600
97330
237870
236470
229270
273620
270941
312750
292180
65216
252470
277748
221100
342000
314230
340170
347940
325950
321300
329130
330460
331880
377900
373020
369530
403190
408300
388060
392470
365900
249550
252450
252530
252870
253250
263920
259450
216172
293760
305510
311560
312370
308173
307780
306370
277742
270270
270010
277767
279140
288120
280360
2210
42670
42810
45700
65233
65242
65255
222554
222582
222615
222616
229790
236930
240970
251270
251590
253150
254370
256030
258642
260130
261550
274480
277761
278550
279070
280600
280720
283160
283740
285920
288370
290970
293160
294100
299230
305940
306460
308080
308270
311260
312560
312790
319910
320240
321180
323850
325610
325976
325989
328000
328070
329530
329970
330100
332290
332291
332292
335620
335830
337680
337902
337970
340210
342560
342640
344240
345390
346930
347600
350050
350460
351300
351700
355170
355420
358090
358460
359440
360510
361130
361420
361800
362490
362620
363360
364510
364640
364840
365360
366000
366090
367020
372360
374150
375480
376933
376935
376951
376952
376955
376961
376966
377840
378030
379210
382890
385060
385380
386080
386770
387990
388080
390610
391280
391860
392160
393920
397160
403640
404200
404250
405900
408960
409890
409910
410840
411830
414260
414510
416210
417290
420950
421900
422900
425840
426590
427470
427520
427570
427910
428860
428880
429530
431960
432350
433270
434880
435150
436070
436670
437250
438640
445220
445420
446000
446800
447530
448191
448195
450700
453030
453300
453690
455980
457140
458640
459120
460390
460780
460790
461244
461248
463530
463720
464150
464350
464880
465490
465510
466920
473770
474890
476530
483840
485360
485460
485900
486720
487000
487280
491470
493080
494670
497850
498500
502740
503450
504050
505060
506971
508190
510500
511740
515180
516750
517720
521150
522030
527270
535490
538680
548650
551770
551860
552100
552700
552920
554620
559070
561740
562373
562379
562380
563390
566090
567080
569480
573490
574050
578850
579180
582540
583950
585900
587100
587110
588950
589360
590380
591370
591460
593490
594630
595520
595930
597150
598960
599460
606230
606800
607880
609150
610960
612470
612720
613880
614570
617030
618050
621070
621870
621925
621926
621930
626250
636570
637670
639780
639790
642280
648301
649950
657690
663300
671260
672590
672630
673210
673950
678003
678190
686680
686740
690830
691690
691770
693750
696170
705280
710030
712100
722730
723090
730410
735280
738610
742120
748490
750170
756590
758190
758870
760860
779340
784150
788270
791330
802890
804760
804850
808800
808910
809720
825630
833360
834340
835430
859680
863590
872130
880130
888130
893010
896160
899970
910880
911550
921570
922920
931500
937450
955560
958480
971720
975020
977720
985950
394970
17480
32710
32730
32740
32750
208480
224740
233860
239030
245050
245570
249320
255910
284160
299050
311720
314650
326150
333640
334290
380080
383740
397150
418530
486860
490280
491540
497800
526870
536220
538030
552600
562350
570090
571260
573100
576770
578650
585410
588030
588650
592580
600480
604540
625960
637650
638510
646668
648410
656350
667610
694770
711980
712640
720620
726110
733140
740130
746850
753640
765810
773790
777150
777470
788630
798460
799600
807120
809140
814380
817840
823610
823910
838310
840390
846770
848450
848480
849100
854750
858810
865940
866570
867290
879000
885970
887570
892970
895480
897670
898720
899770
908360
909320
911430
920210
925650
930210
949230
950370
954850
955900
956450
961150
965230
966690
969270
975370
976590
976730
979110
981430
983870
989690
992300
993090
997010
1003310
1016870
1017180
1022910
1026680
1030210
1034140
1034860
1035120
1042670
1044720
1056761
1058130
1060230
1061610
1062520
1066780
1067860
1069160
1078280
1079320
1079510
1082710
1086940
1096530
1096580
1104680
1105670
1106840
1112790
1113120
1113400
1113560
1119730
1123830
1126290
1128920
1129580
1133870
1134710
1135740
1137940
1138080
1140001
1141100
1142710
1147860
1150090
1153640
1154030
1154850
1157390
1169040
1172380
1172710
1172940
1173400
1173770
1173780
1175830
1176470
1182110
1190000
1196150
1198090
1203620
1205950
1206560
1213740
1222140
1233170
1238000
1239080
1248130
1250410
1259420
1259740
1260820
1263370
1264250
1264710
1265930
1266340
1266540
1268590
1273400
1284190
1292690
1293830
1295660
1299620
1307550
1307890
1308700
1317160
1327080
1328670
1330000
1330190
1330460
1336180
1342330
1351080
1355090
1356670
1358250
1363080
1366540
1368820
1371750
1374490
1380070
1384030
1391280
1394100
1406990
1407210
1410710
1411740
1416710
1424710
1426050
1426450
1432860
1435900
1439750
1457150
1459500
1460040
1462040
1465360
1465460
1465470
1465950
1466860
1477810
1490250
1490930
1493470
1495320
1497160
1501310
1503580
1506260
1507420
1509510
1517850
1523650
1525600
1527950
1533530
1546010
1547890
1561400
1573300
1573730
1575940
1576280
1582500
1585180
1586260
1586350
1591420
1593030
1593500
1594320
1595030
1601580
1607130
1608540
1612770
1622900
1642620
1657630
1661180
1674820
1683150
1685960
1689500
1693980
1702010
1708520
1715590
1716740
1734320
1743830
1750770
1761290
1768640
1771300
1774580
1786790
1796790
1816300
1817070
1822550
1829470
1846700
1850510
1852860
1857090
1863670
1875060
1876590
1889930
1893810
1903340
1910860
1914122
1925650
1932640
1934680
1943730
1971650
1981570
2052040
2054970
2058190
2061230
2071280
2138090
2140020
2141130
2142790
2155180
2187220
2198150
2201470
2228280
2236300
2271930
2295060
2321470
2342310
2344520
2347080
2353250
2379910
2380050
2382520
2398490
2398520
2420110
2426530
2435090
2457220
2480560
2493960
2553870
2585150
2587430
2591280
2604420
2615010
2623190
2632830
2653940
2677660
2679460
2688950
2698780
2756920
2760580
2769570
2775650
2784470
2786680
2807090
2864890
2897760
2899050
2909400
2993780
3003800
3017860
3030720
3075500
3101170
3107230
3115220
3243700
3336530
3358250
3406150
3483740
3556750
3725110
3756260
3809270
4165910

